Version 0.9.7
5
 4 65 33 77 128 0 1
 5 80 400 206 81 2 2
 0 14 174 877 276 8 3
 3 376 57 203 58 140 4
 1 163 52 206 81 149 5
 0
32
 65408 5 126 47 126 47 178 47 178 47 178 63 178 63 0 1 0 5
 65408 5 126 107 126 107 126 110 178 110 178 121 178 121 0 1 0 5
 65408 5 126 120 118 120 118 26 387 26 387 94 387 94 0 1 0 4
 65408 5 126 86 126 86 51 86 51 201 67 201 67 201 0 1 0 3
 65408 5 126 146 126 146 9 146 9 422 67 422 67 422 0 1 0 3
 255 5 41 240 41 240 41 214 80 214 80 201 80 201 0 3 0 3
 255 5 119 383 119 383 119 383 119 422 119 422 119 422 0 3 0 3
 255 5 197 240 197 240 197 240 197 201 197 201 197 201 0 3 0 3
 255 5 275 383 275 383 275 383 275 422 275 422 275 422 0 3 0 3
 255 5 340 240 340 240 340 240 340 201 340 201 340 201 0 3 0 3
 255 5 418 383 418 383 418 383 418 422 418 422 418 422 0 3 0 3
 255 5 470 240 470 240 470 240 470 201 470 201 470 201 0 3 0 3
 255 5 548 383 548 383 548 383 548 422 548 422 548 422 0 3 0 3
 16711808 5 219 63 30 63 30 353 41 353 41 344 41 344 0 5 0 3
 16711808 5 238 63 238 36 21 36 21 363 67 363 67 344 0 5 0 3
 16711808 5 257 63 257 49 148 49 148 363 93 363 93 344 0 5 0 3
 32896 5 219 76 219 76 178 76 178 344 197 344 197 344 0 5 0 3
 32896 5 238 76 238 70 168 70 168 334 210 334 210 344 0 5 0 3
 32896 5 236 344 236 344 236 344 223 344 223 344 223 344 0 3 0 3
 32896 5 249 344 249 357 290 357 290 76 257 76 257 76 0 3 0 5
 32896 5 496 344 496 344 496 373 262 373 262 344 262 344 0 3 0 3
 16776960 5 197 357 197 357 197 398 340 398 340 344 340 344 0 3 0 3
 16776960 5 80 344 80 344 80 384 353 384 353 344 353 344 0 3 0 3
 16776960 5 366 344 366 344 366 351 379 351 379 344 379 344 0 3 0 3
 16776960 5 106 344 118 344 118 410 392 410 392 344 392 344 0 3 0 3
 16776960 5 405 344 405 344 405 358 509 358 509 344 509 344 0 3 0 3
 4227327 5 54 344 54 344 54 267 353 267 353 279 353 279 0 3 0 3
 4227327 5 238 89 238 89 366 89 366 89 366 279 366 279 0 5 0 3
 4227327 5 535 344 535 344 535 122 422 122 422 101 422 101 0 3 0 4
 4227327 5 106 370 129 370 129 250 405 250 405 279 405 279 0 3 0 3
 4227327 5 392 279 392 279 392 279 379 279 379 279 379 279 0 3 0 3
 4227327 5 418 279 418 279 418 272 522 272 522 344 522 344 0 3 0 3
4
 7032 1 14 191 292 5 0 8583336 16330896 3
 7032 1 14 334 292 5 0 8583336 16330896 3
 7004 1 14 35 292 5 0 8583336 16330896 3
 7011 1 14 464 292 5 0 8583336 16330896 3
