Version 0.9.7
5
 4 38 36 77 128 0 1
 5 80 400 206 81 2 2
 0 15 185 877 276 8 3
 1 144 60 206 81 140 4
 3 356 60 203 58 150 5
 0
24
 4227327 5 99 89 99 89 49 89 49 212 68 212 68 212 0 1 0 3
 4227327 5 99 149 99 149 11 149 11 433 68 433 68 433 0 1 0 3
 4227327 5 99 76 99 76 159 76 159 76 159 71 159 71 0 1 0 4
 4227327 5 99 136 99 136 159 136 159 136 159 129 159 129 0 1 0 4
 4227327 5 99 123 119 123 119 40 367 40 367 97 367 97 0 1 0 5
 4227327 5 94 251 94 251 94 251 94 212 94 212 94 212 0 3 0 3
 4227327 5 172 394 172 394 172 394 172 433 172 433 172 433 0 3 0 3
 4227327 5 237 251 237 251 237 251 237 212 237 212 237 212 0 3 0 3
 4227327 5 315 394 315 394 315 394 315 433 315 433 315 433 0 3 0 3
 4227327 5 458 394 458 394 458 394 458 433 458 433 458 433 0 3 0 3
 4227327 5 380 251 380 251 380 251 380 212 380 212 380 212 0 3 0 3
 16744448 5 200 71 200 71 200 13 372 13 372 355 380 355 0 4 0 3
 16744448 5 219 71 219 71 219 24 359 24 359 355 393 355 0 4 0 3
 16744448 5 238 71 238 71 238 4 439 4 439 355 419 355 0 4 0 3
 16744448 5 257 71 257 71 257 32 424 32 424 355 432 355 0 4 0 3
 65535 5 200 84 200 84 303 84 303 376 237 376 237 355 0 4 0 3
 65535 5 257 97 257 97 318 97 318 362 263 362 263 355 0 4 0 3
 8454016 5 250 355 250 355 250 407 94 407 94 355 94 355 0 3 0 3
 8454016 5 276 355 276 355 276 388 107 388 107 355 107 355 0 3 0 3
 8454016 5 510 251 510 251 510 251 510 212 510 212 510 212 0 3 0 3
 8454016 5 588 394 588 394 588 394 588 433 588 433 588 433 0 3 0 3
 8454016 5 445 355 445 355 445 360 510 360 510 355 510 355 0 3 0 3
 8454016 5 120 355 120 355 120 379 523 379 523 355 523 355 0 3 0 3
 8454016 5 536 355 536 355 536 104 536 104 402 104 402 104 0 3 0 5
4
 7008 1 14 88 303 5 0 8583336 14993552 3
 7004 1 14 231 303 5 0 8583336 14993552 3
 7021 1 14 374 303 5 0 8583336 14993552 3
 7032 1 14 504 303 5 0 8583336 14993552 3
