Version 0.9.7
5
 4 333 6 77 128 0 1
 5 80 400 206 81 2 2
 0 99 155 877 276 8 3
 1 416 21 206 81 140 4
 3 428 443 203 58 150 5
 0
32
 8454016 5 394 20 324 20 324 108 152 108 152 169 152 169 0 1 0 3
 8454016 5 394 119 394 119 78 119 78 410 152 410 152 403 0 1 0 3
 8454016 5 431 90 431 132 68 132 68 397 165 397 165 403 0 4 0 3
 8454016 5 394 33 394 33 431 33 431 33 431 32 431 32 0 1 0 4
 8454016 5 439 480 439 480 178 480 178 480 178 403 178 403 0 5 0 3
 255 5 165 169 165 178 125 178 125 221 126 221 126 221 0 3 0 3
 255 5 204 364 204 364 204 364 204 403 204 403 204 403 0 3 0 3
 255 5 347 364 347 364 347 364 347 403 347 403 347 403 0 3 0 3
 255 5 477 364 477 364 477 364 477 403 477 403 477 403 0 3 0 3
 255 5 607 364 607 364 607 364 607 403 607 403 607 403 0 3 0 3
 255 5 763 364 763 364 763 364 763 403 763 403 763 403 0 3 0 3
 255 5 685 221 685 221 685 221 685 169 685 169 685 169 0 3 0 3
 255 5 529 221 529 221 529 221 529 169 529 169 529 169 0 3 0 3
 255 5 399 221 399 221 399 221 399 169 399 169 399 169 0 3 0 3
 255 5 269 221 269 221 269 221 269 169 269 169 269 169 0 3 0 3
 65535 5 567 32 567 20 647 20 647 353 529 353 529 325 0 4 0 3
 65535 5 542 325 542 325 542 344 152 344 152 325 152 325 0 3 0 3
 65535 5 586 32 586 13 641 13 641 340 555 340 555 325 0 4 0 3
 65535 5 568 325 568 325 568 333 165 333 165 325 165 325 0 3 0 3
 65535 5 605 32 605 6 179 6 179 325 178 325 178 325 0 4 0 3
 16711680 5 542 364 542 364 542 379 295 379 295 325 295 325 0 3 0 3
 16711680 5 586 45 460 45 460 142 308 142 308 325 308 325 0 4 0 3
 16711680 5 605 45 605 45 634 45 634 332 581 332 581 325 0 4 0 3
 16711680 5 594 325 601 325 601 413 321 413 321 325 321 325 0 3 0 3
 8421440 5 567 58 567 58 795 58 795 373 425 373 425 325 0 4 0 3
 8421440 5 568 364 568 364 568 357 438 357 438 325 438 325 0 3 0 3
 8421440 5 594 364 594 364 594 366 451 366 451 325 451 325 0 3 0 3
 33023 5 191 325 191 325 191 435 685 435 685 325 685 325 0 3 0 3
 33023 5 334 325 334 325 334 425 698 425 698 325 698 325 0 3 0 3
 33023 5 711 325 711 325 711 324 724 324 724 325 724 325 0 3 0 3
 33023 5 464 325 464 325 464 249 737 249 737 325 737 325 0 3 0 3
 33023 5 750 325 750 325 750 507 474 507 474 487 474 487 0 3 0 5
5
 7011 1 14 120 273 5 0 8583336 15788816 3
 7011 1 14 263 273 5 0 8583336 15788816 3
 7011 1 14 393 273 5 0 8583336 15788816 3
 7004 1 14 523 273 5 0 8583336 15788816 3
 7032 1 14 679 273 5 0 8583336 15788816 3
