Version 0.9.7
5
 4 60 25 77 128 0 1
 5 80 400 206 81 2 2
 0 9 184 877 276 8 3
 1 157 70 206 81 140 4
 3 389 96 203 58 150 5
 0
24
 16711680 5 172 81 172 81 146 81 146 39 121 39 121 39 0 4 0 1
 16711680 5 121 99 121 99 152 99 152 139 172 139 172 139 0 1 0 4
 16711680 5 121 138 121 142 37 142 37 432 62 432 62 432 0 1 0 3
 16711680 5 121 52 121 52 53 52 53 211 62 211 62 211 0 1 0 3
 16711680 5 400 133 400 133 400 158 121 158 121 125 121 125 0 5 0 1
 255 5 114 250 114 250 114 250 114 211 114 211 114 211 0 3 0 3
 255 5 192 393 192 393 192 393 192 432 192 432 192 432 0 3 0 3
 255 5 270 250 270 250 270 250 270 211 270 211 270 211 0 3 0 3
 255 5 348 393 348 393 348 393 348 432 348 432 348 432 0 3 0 3
 255 5 426 250 426 250 426 250 426 211 426 211 426 211 0 3 0 3
 255 5 504 393 504 393 504 393 504 432 504 432 504 432 0 3 0 3
 255 5 569 211 569 211 569 211 569 250 569 250 569 250 0 3 0 3
 255 5 647 393 647 393 647 393 647 432 647 432 647 432 0 3 0 3
 65408 5 213 81 206 81 206 58 413 58 413 354 426 354 0 4 0 3
 65408 5 439 354 439 354 439 372 140 372 140 354 140 354 0 3 0 3
 65408 5 232 81 232 70 382 70 382 361 153 361 153 354 0 4 0 3
 65408 5 251 81 251 81 374 81 374 383 166 383 166 354 0 4 0 3
 65408 5 179 354 179 354 179 399 569 399 569 354 569 354 0 3 0 3
 16744448 5 213 94 213 47 548 47 548 367 296 367 296 354 0 4 0 3
 16744448 5 232 94 232 94 542 94 542 391 309 391 309 354 0 4 0 3
 16744448 5 251 107 251 35 527 35 527 360 452 360 452 354 0 4 0 3
 16744448 5 465 354 465 354 465 359 322 359 322 354 322 354 0 3 0 3
 16744448 5 335 354 335 354 335 344 582 344 582 354 582 354 0 3 0 3
 65535 5 595 354 595 354 595 153 435 153 435 140 435 140 0 3 0 5
4
 7011 1 14 108 302 5 0 8583336 16162768 3
 7011 1 14 264 302 5 0 8583336 16162768 3
 7004 1 14 420 302 5 0 8583336 16162768 3
 7032 1 14 563 302 5 0 8583336 16162768 3
