Version 0.9.7
5
 4 33 34 77 128 0 1
 5 80 400 206 81 2 2
 0 10 184 877 276 8 3
 1 123 65 206 81 140 4
 3 334 81 203 58 150 5
 0
24
 11579568 5 94 147 94 147 8 147 8 432 63 432 63 432 0 1 0 3
 11579568 5 63 211 63 211 23 211 23 48 94 48 94 48 0 3 0 1
 11579568 5 138 76 138 76 138 44 94 44 94 61 94 61 0 4 0 1
 11579568 5 138 134 138 134 138 106 94 106 94 108 94 108 0 4 0 1
 11579568 5 94 134 81 134 81 162 345 162 345 118 345 118 0 1 0 5
 8454143 5 141 250 141 250 141 250 141 211 141 211 141 211 0 3 0 3
 8454143 5 219 393 219 393 219 393 219 432 219 432 219 432 0 3 0 3
 8454143 5 271 250 271 250 271 250 271 211 271 211 271 211 0 3 0 3
 8454143 5 349 393 349 393 349 393 349 432 349 432 349 432 0 3 0 3
 8454143 5 401 250 401 250 401 250 401 211 401 211 401 211 0 3 0 3
 8454143 5 479 393 479 393 479 393 479 432 479 432 479 432 0 3 0 3
 8454143 5 505 250 505 250 505 250 505 211 505 211 505 211 0 3 0 3
 8454143 5 583 393 583 393 583 393 583 432 583 432 583 432 0 3 0 3
 8454143 5 271 354 275 354 275 51 179 51 179 76 179 76 0 3 0 4
 8454143 5 217 76 217 76 217 42 284 42 284 354 284 354 0 4 0 3
 8454143 5 297 354 297 354 297 372 505 372 505 354 505 354 0 3 0 3
 4227327 5 179 89 321 89 321 261 401 261 401 354 401 354 0 4 0 3
 4227327 5 414 354 414 354 414 405 167 405 167 354 167 354 0 3 0 3
 4227327 5 217 102 337 102 337 154 427 154 427 354 427 354 0 4 0 3
 4227327 5 180 354 180 354 180 363 440 363 440 354 440 354 0 3 0 3
 4227327 5 236 76 250 76 250 169 448 169 448 354 453 354 0 4 0 3
 4227327 5 466 354 466 354 466 383 193 383 193 354 193 354 0 3 0 3
 4227327 5 206 354 206 354 206 340 518 340 518 354 518 354 0 3 0 3
 4227327 5 531 354 531 354 531 133 380 133 380 125 380 125 0 3 0 5
4
 7011 1 14 135 302 5 0 8583336 14993552 3
 7008 1 14 265 302 5 0 8583336 14993552 3
 7004 1 14 395 302 5 0 8583336 14993552 3
 7032 1 14 499 302 5 0 8583336 14993552 3
