Version 0.9.7
5
 4 12 18 77 128 0 1
 5 80 400 206 81 2 2
 0 13 160 877 276 8 3
 1 130 34 206 81 140 4
 3 354 54 203 58 150 5
 0
24
 16744576 5 73 131 73 131 18 131 18 408 66 408 66 408 0 1 0 3
 16744576 5 73 118 73 118 145 118 145 118 145 103 145 103 0 1 0 4
 16744576 5 73 105 73 105 73 123 365 123 365 91 365 91 0 1 0 5
 16744576 5 73 32 73 32 145 32 145 32 145 45 145 45 0 1 0 4
 16744576 5 73 45 73 45 60 45 60 187 66 187 66 187 0 1 0 3
 8454143 5 118 187 118 187 118 187 118 265 118 265 118 265 0 3 0 3
 8454143 5 196 330 196 330 196 330 196 408 196 408 196 408 0 3 0 3
 8454143 5 300 265 300 265 300 265 300 187 300 187 300 187 0 3 0 3
 8454143 5 378 330 378 330 378 330 378 408 378 408 378 408 0 3 0 3
 8454143 5 469 265 469 265 469 265 469 187 469 187 469 187 0 3 0 3
 8454143 5 547 330 547 330 547 330 547 408 547 408 547 408 0 3 0 3
 8454143 5 612 265 612 265 612 265 612 187 612 187 612 187 0 3 0 3
 8454143 5 690 330 690 330 690 330 690 408 690 408 690 408 0 3 0 3
 65280 5 186 45 186 28 435 28 435 271 300 271 300 330 0 4 0 3
 65280 5 313 330 313 330 313 339 638 339 638 330 638 330 0 3 0 3
 65280 5 205 45 201 45 201 18 649 18 649 330 651 330 0 4 0 3
 65280 5 224 45 224 45 589 45 589 367 326 367 326 330 0 4 0 3
 65280 5 339 330 346 330 346 390 664 390 664 330 664 330 0 3 0 3
 65280 5 677 330 677 330 677 251 475 251 475 330 469 330 0 3 0 3
 8404992 5 205 58 205 3 565 3 565 350 352 350 352 330 0 4 0 3
 8404992 5 365 330 365 330 365 415 118 415 118 330 118 330 0 3 0 3
 8404992 5 339 356 339 356 339 388 131 388 131 330 131 330 0 3 0 3
 8404992 5 144 330 144 330 144 317 482 317 482 330 482 330 0 3 0 3
 8454016 5 495 330 495 330 495 98 495 98 400 98 400 98 0 3 0 5
4
 7008 1 14 112 278 5 0 8583336 15788816 3
 7004 1 14 294 278 5 0 8583336 15788816 3
 7032 1 14 463 278 5 0 8583336 15788816 3
 7011 1 14 606 278 5 0 8583336 15788816 3
