Version 0.9.7
5
 4 25 18 77 128 0 1
 5 80 400 206 81 2 2
 0 23 154 877 276 8 3
 1 112 26 206 81 140 4
 3 335 59 203 58 150 5
 0
25
 16711680 5 86 131 86 131 33 131 33 415 76 415 76 415 0 1 0 3
 16711680 5 86 71 86 18 19 18 19 168 76 168 76 168 0 1 0 3
 16711680 5 86 32 86 32 127 32 127 32 127 37 127 37 0 1 0 4
 16711680 5 127 95 127 95 127 118 127 118 86 118 86 118 0 4 0 1
 16711680 5 86 105 83 105 83 132 346 132 346 96 346 96 0 1 0 5
 12632256 5 375 220 375 220 375 220 375 168 375 168 375 168 0 3 0 3
 8454016 5 154 363 154 363 154 363 154 415 154 415 154 415 0 3 0 3
 8454016 5 453 363 453 363 453 363 453 415 453 415 453 415 0 3 0 3
 8454016 5 76 220 76 220 85 220 85 168 89 168 89 168 0 3 0 3
 8388863 5 219 168 219 168 219 168 219 220 219 220 219 220 0 3 0 3
 8388863 5 284 415 284 415 295 415 295 324 297 324 297 324 0 3 0 3
 8388863 5 263 37 263 20 559 20 559 336 375 336 375 324 0 4 0 3
 8388863 5 301 37 301 37 532 37 532 254 401 254 401 324 0 4 0 3
 8454143 5 388 324 388 324 388 362 219 362 219 324 219 324 0 3 0 3
 8454143 5 414 324 414 324 414 343 232 343 232 324 232 324 0 3 0 3
 8454143 5 245 324 245 324 245 377 76 377 76 324 76 324 0 3 0 3
 4227327 5 282 37 282 37 335 37 335 332 258 332 258 324 0 4 0 3
 4227327 5 301 50 301 50 501 50 501 224 427 224 427 324 0 4 0 3
 4227327 5 440 324 452 324 452 378 273 378 273 324 271 324 0 3 0 3
 4227327 5 284 324 284 324 284 352 89 352 89 324 89 324 0 3 0 3
 4227327 5 102 324 102 324 102 324 115 324 115 324 115 324 0 3 0 3
 4227327 5 244 37 244 37 393 37 393 227 232 227 232 220 0 4 0 3
 4227327 5 440 350 440 350 440 205 245 205 245 233 245 233 0 3 0 3
 4227327 5 258 246 258 246 258 260 128 260 128 324 128 324 0 3 0 3
 4227327 5 141 324 141 324 141 115 381 115 381 103 381 103 0 3 0 5
3
 7004 1 14 369 272 5 0 8583336 14993552 3
 7032 1 14 70 272 5 0 8583336 14993552 3
 7008 1 14 213 272 5 0 8583336 14993552 3
