Version 0.9.7
5
 4 37 26 77 128 0 1
 5 80 400 206 81 2 2
 0 9 191 877 276 8 3
 1 167 37 206 81 140 4
 3 404 54 203 58 150 5
 0
16
 16744703 5 98 40 98 14 24 14 24 218 62 218 62 218 0 1 0 3
 16744703 5 98 139 98 139 16 139 16 439 62 439 62 439 0 1 0 3
 16744703 5 98 53 98 53 182 53 182 53 182 48 182 48 0 1 0 4
 16744703 5 182 106 182 106 98 106 98 106 98 100 98 100 0 4 0 1
 16744703 5 98 113 122 113 122 20 415 20 415 91 415 91 0 1 0 5
 16744703 5 114 257 114 257 114 257 114 218 114 218 114 218 0 3 0 3
 16744703 5 192 400 192 400 192 400 192 439 192 439 192 439 0 3 0 3
 8454016 5 223 48 223 48 393 48 393 380 114 380 114 361 0 4 0 3
 8454016 5 242 61 242 61 381 61 381 368 127 368 127 361 0 4 0 3
 8454016 5 465 257 465 257 465 257 465 218 465 218 465 218 0 3 0 3
 8454016 5 543 400 543 400 543 400 543 439 543 439 543 439 0 3 0 3
 65408 5 140 361 140 361 140 415 465 415 465 361 465 361 0 3 0 3
 65408 5 242 74 242 74 150 74 150 361 153 361 153 361 0 4 0 3
 65408 5 261 74 261 74 308 74 308 159 166 159 166 361 0 4 0 3
 65408 5 179 361 179 361 179 351 478 351 478 361 478 361 0 3 0 3
 65408 5 491 361 491 361 491 98 491 98 450 98 450 98 0 3 0 5
2
 7008 1 14 108 309 5 0 8583336 15788816 3
 7032 1 14 459 309 5 0 8583336 15788816 3
