Version 0.9.7
5
 4 10 175 77 128 0 1
 5 80 400 206 81 2 2
 0 112 108 877 276 8 3
 1 143 8 206 81 140 4
 3 383 15 203 58 150 5
 0
19
 8388863 5 71 189 78 189 78 136 165 136 165 135 165 135 0 1 0 3
 8388863 5 71 288 71 288 71 356 71 356 165 356 165 356 0 1 0 3
 8388863 5 178 135 178 125 128 125 128 19 158 19 158 19 0 3 0 4
 8388863 5 158 77 158 77 98 77 98 249 71 249 71 249 0 4 0 1
 8388863 5 394 52 395 52 395 5 61 5 61 262 71 262 0 5 0 1
 8388863 5 243 213 243 213 243 213 243 135 243 135 243 135 0 3 0 3
 8388863 5 321 278 321 278 321 278 321 356 321 356 321 356 0 3 0 3
 8388863 5 373 135 373 135 373 135 373 213 373 213 373 213 0 3 0 3
 8388863 5 451 278 451 278 451 278 451 356 451 356 451 356 0 3 0 3
 8388863 5 503 135 503 135 503 135 503 213 503 213 503 213 0 3 0 3
 8388863 5 581 278 581 278 581 278 581 356 581 356 581 356 0 3 0 3
 8454143 5 199 19 199 19 199 11 251 11 251 278 243 278 0 4 0 3
 8454143 5 218 19 218 19 373 19 373 19 373 278 373 278 0 4 0 3
 8454143 5 386 278 386 278 386 304 256 304 256 278 256 278 0 3 0 3
 8454143 5 269 278 269 278 269 290 503 290 503 278 503 278 0 3 0 3
 16744576 5 386 317 386 317 386 328 282 328 282 278 282 278 0 3 0 3
 16744576 5 237 32 237 32 296 32 296 278 295 278 295 278 0 4 0 3
 16744576 5 308 278 308 278 308 270 516 270 516 278 516 278 0 3 0 3
 16744576 5 529 278 529 278 529 7 502 7 502 59 429 59 0 3 0 5
3
 7008 1 14 237 226 5 0 8583336 15788816 3
 7004 1 14 367 226 5 0 8583336 15788816 3
 7032 1 14 497 226 5 0 8583336 15788816 3
