Version 0.9.7
5
 4 15 65 77 128 0 1
 5 80 400 206 81 2 2
 0 13 211 877 276 8 3
 1 140 76 206 81 140 4
 3 388 96 203 58 150 5
 0
24
 33023 5 76 178 76 178 14 178 14 459 66 459 66 459 0 1 0 3
 33023 5 76 79 76 79 99 79 99 242 66 242 66 238 0 1 0 3
 33023 5 76 92 76 92 155 92 155 92 155 87 155 87 0 1 0 4
 33023 5 155 145 155 145 76 145 76 145 76 139 76 139 0 4 0 1
 33023 5 399 133 399 133 399 39 13 39 13 152 76 152 0 5 0 1
 33023 5 118 238 118 225 42 225 42 316 53 316 53 316 0 3 0 3
 33023 5 131 420 131 420 131 420 131 459 131 459 131 459 0 3 0 3
 33023 5 326 420 326 420 326 420 326 459 326 459 326 459 0 3 0 3
 33023 5 495 420 495 420 495 420 495 459 495 459 495 459 0 3 0 3
 33023 5 417 277 417 277 417 277 417 238 417 238 417 238 0 3 0 3
 33023 5 248 277 248 277 248 277 248 238 248 238 248 238 0 3 0 3
 33023 5 560 238 560 238 544 238 544 277 560 277 560 277 0 3 0 3
 33023 5 638 420 638 420 638 420 638 459 638 459 638 459 0 3 0 3
 12615680 5 196 87 196 87 196 53 567 53 567 381 560 381 0 4 0 3
 12615680 5 573 381 573 381 573 397 248 397 248 381 248 381 0 3 0 3
 12615680 5 234 87 234 87 234 63 586 63 586 381 586 381 0 4 0 3
 12615680 5 599 381 599 381 599 409 261 409 261 381 261 381 0 3 0 3
 12615680 5 274 381 274 381 274 387 430 387 430 381 430 381 0 3 0 3
 16744703 5 196 100 358 100 358 442 53 442 53 381 53 381 0 4 0 3
 16744703 5 215 100 367 100 367 451 66 451 66 381 66 381 0 4 0 3
 16744703 5 234 100 377 100 377 460 92 460 92 381 92 381 0 4 0 3
 16744703 5 253 100 385 100 385 467 105 467 105 381 105 381 0 4 0 3
 16744703 5 118 381 118 381 118 375 417 375 417 381 417 381 0 3 0 3
 16744703 5 443 381 443 381 443 140 443 140 434 140 434 140 0 3 0 5
4
 7008 1 14 242 329 5 0 8583336 15788816 3
 7032 1 14 411 329 5 0 8583336 15788816 3
 7021 1 14 47 329 5 0 8583336 15788816 3
 7004 1 14 554 329 5 0 8583336 15788816 3
