Version 0.9.7
5
 4 10 175 77 128 0 1
 5 80 400 206 81 2 2
 0 130 130 877 276 8 3
 1 134 37 206 81 140 4
 3 358 66 203 58 150 5
 0
25
 255 5 71 189 71 189 85 189 85 157 183 157 183 157 0 1 0 3
 255 5 71 288 71 288 71 378 71 378 183 378 183 378 0 1 0 3
 255 5 71 202 71 210 55 210 55 48 149 48 149 48 0 1 0 4
 255 5 71 275 92 275 92 25 369 25 369 103 369 103 0 1 0 5
 8454143 5 196 196 196 196 196 196 196 157 196 157 196 157 0 3 0 3
 8454143 5 274 339 274 339 274 339 274 378 274 378 274 378 0 3 0 3
 8454143 5 365 196 365 196 365 196 365 157 365 157 365 157 0 3 0 3
 8454143 5 443 339 443 339 443 339 443 378 443 378 443 378 0 3 0 3
 8454143 5 547 196 547 196 547 196 547 157 547 157 547 157 0 3 0 3
 8454143 5 625 339 625 339 625 339 625 378 625 378 625 378 0 3 0 3
 65280 5 190 48 190 48 176 48 176 292 196 292 196 300 0 4 0 3
 65280 5 209 48 209 31 157 31 157 309 222 309 222 300 0 4 0 3
 65280 5 228 48 228 10 137 10 137 320 248 320 248 300 0 4 0 3
 16711680 5 190 61 190 61 190 13 354 13 354 300 365 300 0 4 0 3
 16711680 5 209 61 216 61 216 3 370 3 370 300 378 300 0 4 0 3
 16711680 5 391 300 391 300 391 303 404 303 404 300 404 300 0 3 0 3
 16711680 5 261 300 261 300 261 313 417 313 417 300 417 300 0 3 0 3
 8453888 5 209 300 209 300 209 219 378 219 378 235 378 235 0 3 0 3
 8453888 5 235 300 235 300 235 212 391 212 391 235 391 235 0 3 0 3
 8453888 5 404 235 404 235 404 235 417 235 417 235 417 235 0 3 0 3
 65408 5 430 235 430 235 429 235 429 61 228 61 228 61 0 3 0 4
 65408 5 443 235 443 235 560 235 560 235 560 300 560 300 0 3 0 3
 65408 5 71 249 71 249 105 249 105 106 149 106 149 106 0 1 0 4
 65408 5 430 300 430 300 430 300 547 300 547 300 547 300 0 3 0 3
 65408 5 573 300 573 300 573 124 404 124 404 110 404 110 0 3 0 5
3
 7032 1 14 359 248 5 0 8583336 16330896 3
 7004 1 14 190 248 5 0 8583336 16330896 3
 7008 1 14 541 248 5 0 8583336 16330896 3
