Version 0.9.7
5
 4 89 18 77 128 0 1
 5 80 400 206 81 2 2
 0 30 171 877 276 8 3
 1 187 41 206 81 140 4
 3 406 54 203 58 150 5
 0
20
 4227327 5 150 131 150 131 16 131 16 419 83 419 83 419 0 1 0 3
 4227327 5 83 185 36 185 36 12 150 12 150 32 150 32 0 3 0 1
 8454143 5 57 237 57 237 57 190 96 190 96 185 96 185 0 3 0 3
 8454143 5 135 380 135 380 135 380 135 419 135 419 135 419 0 3 0 3
 8454143 5 200 185 200 185 200 185 200 237 200 237 200 237 0 3 0 3
 8454143 5 278 380 278 380 278 380 278 419 278 419 278 419 0 3 0 3
 8454143 5 434 380 434 380 434 380 434 419 434 419 434 419 0 3 0 3
 8454143 5 356 237 356 237 356 237 356 185 356 185 356 185 0 3 0 3
 8454143 5 150 92 150 92 203 92 203 110 202 110 202 110 0 1 0 4
 8454143 5 202 52 202 52 150 52 150 52 150 45 150 45 0 4 0 1
 8454143 5 150 118 150 118 150 148 417 148 417 91 417 91 0 1 0 5
 65408 5 243 52 243 37 402 37 402 361 200 361 200 341 0 4 0 3
 65408 5 226 341 226 341 226 341 239 341 239 341 239 341 0 3 0 3
 65408 5 281 52 281 52 320 52 320 341 252 341 252 341 0 4 0 3
 16744576 5 262 65 380 65 380 232 57 232 57 341 57 341 0 4 0 3
 16744576 5 70 341 70 341 70 349 213 349 213 341 213 341 0 3 0 3
 16744576 5 265 341 265 341 265 341 356 341 356 341 356 341 0 3 0 3
 65408 5 300 52 391 52 391 394 83 394 83 341 83 341 0 4 0 3
 65408 5 96 341 96 341 96 365 369 365 369 341 369 341 0 3 0 3
 65408 5 382 341 382 341 459 341 459 98 452 98 452 98 0 3 0 5
3
 7032 1 14 194 289 5 0 8583336 14993552 3
 7008 1 14 350 289 5 0 8583336 14993552 3
 7004 1 14 51 289 5 0 8583336 14993552 3
