Version 0.9.7
5
 4 10 175 77 128 0 1
 5 80 400 206 81 2 2
 0 110 110 877 276 8 3
 1 112 17 206 81 140 4
 3 354 23 203 58 150 5
 0
21
 16711680 5 71 189 71 189 59 189 59 28 127 28 127 28 0 1 0 4
 16711680 5 127 86 127 86 90 86 90 288 71 288 71 288 0 4 0 1
 16711680 5 163 124 163 124 170 124 170 137 176 137 176 137 0 3 0 3
 16711680 5 71 249 71 249 71 371 71 371 163 371 163 371 0 1 0 3
 16711680 5 176 371 176 371 172 371 172 358 163 358 163 358 0 3 0 3
 16711680 5 71 202 71 202 71 134 163 134 163 137 163 137 0 1 0 3
 4227327 5 137 215 137 215 137 154 202 154 202 137 202 137 0 3 0 3
 4227327 5 215 280 215 280 215 280 215 358 215 358 215 358 0 3 0 3
 4227327 5 228 215 228 215 228 215 228 137 228 137 228 137 0 3 0 3
 4227327 5 306 280 306 280 306 280 306 358 306 358 306 358 0 3 0 3
 4227327 5 358 215 358 215 358 215 358 137 358 137 358 137 0 3 0 3
 4227327 5 436 280 436 280 436 280 436 358 436 358 436 358 0 3 0 3
 32896 5 168 54 168 54 127 54 127 280 137 280 137 280 0 4 0 3
 32896 5 150 280 150 280 150 289 228 289 228 280 228 280 0 3 0 3
 32896 5 187 54 187 54 187 32 241 32 241 280 241 280 0 4 0 3
 65535 5 168 41 311 41 311 191 267 191 267 280 267 280 0 4 0 3
 65535 5 206 54 206 48 326 48 326 198 280 198 280 280 0 4 0 3
 12615680 5 254 280 254 280 254 300 358 300 358 280 358 280 0 3 0 3
 12615680 5 293 280 293 280 293 290 371 290 371 280 371 280 0 3 0 3
 12615680 5 384 280 384 292 464 292 464 76 400 76 400 67 0 3 0 5
 0 5 365 60 365 60 365 87 540 87 540 358 540 358 0 5 0 3
3
 7008 1 14 222 228 5 0 8583336 15021488 3
 7032 1 14 352 228 5 0 8583336 15021488 3
 7004 1 14 131 228 5 0 8583336 15021488 3
