Version 0.9.7
5
 4 10 175 77 128 0 1
 5 80 400 206 81 2 2
 0 160 160 877 276 8 3
 1 206 42 206 81 140 4
 3 518 51 203 58 154 5
 0
26
 255 5 71 189 71 189 213 189 213 189 213 187 213 187 0 1 0 3
 0 5 71 288 71 288 71 430 213 430 213 408 213 408 0 1 0 3
 0 5 226 408 226 408 221 408 221 174 213 174 213 174 0 3 0 3
 0 5 226 174 226 174 226 174 226 111 221 111 221 111 0 3 0 4
 255 5 239 187 239 187 233 187 233 53 221 53 221 53 0 3 0 4
 65535 5 239 265 239 265 234 265 234 187 252 187 252 187 0 3 0 3
 65535 5 317 330 317 330 323 330 323 408 317 408 317 408 0 3 0 3
 65535 5 421 265 421 265 418 265 418 187 421 187 421 187 0 3 0 3
 65535 5 499 330 499 330 507 330 507 408 499 408 499 408 0 3 0 3
 65535 5 577 265 577 265 573 265 573 187 577 187 577 187 0 3 0 3
 65535 5 655 330 655 330 662 330 662 408 655 408 655 408 0 3 0 3
 65408 5 262 53 262 25 452 25 452 123 239 123 239 330 0 4 0 3
 65408 5 265 330 265 139 475 139 475 69 281 69 281 66 0 3 0 4
 65408 5 291 330 291 150 316 150 316 79 300 79 300 79 0 3 0 4
 16744576 5 252 330 252 330 252 335 447 335 447 330 447 330 0 3 0 3
 16744576 5 278 343 278 343 278 349 460 349 460 343 460 343 0 3 0 3
 33023 5 529 88 529 88 529 174 529 174 525 174 525 174 0 5 0 3
 16744576 5 733 330 733 331 816 331 816 36 262 36 262 66 0 3 0 4
 16744576 5 281 53 281 45 824 45 824 343 746 343 746 343 0 4 0 3
 16744576 5 300 53 300 53 840 53 840 356 759 356 759 356 0 4 0 3
 8453888 5 707 265 707 265 707 265 707 187 707 187 707 187 0 3 0 3
 8453888 5 785 369 785 369 785 369 785 408 785 408 785 408 0 3 0 3
 8453888 5 772 369 772 369 590 369 590 369 590 330 590 330 0 3 0 3
 8453888 5 304 369 304 369 304 369 473 369 473 369 473 369 0 3 0 3
 65408 5 486 369 486 369 486 330 486 330 577 330 577 330 0 3 0 3
 65408 5 603 330 603 330 603 95 603 95 564 95 564 95 0 3 0 5
4
 7004 1 14 233 278 5 0 8583336 15021488 3
 7011 1 14 415 278 5 0 8583336 15021488 3
 7032 1 14 571 278 5 0 8583336 15021488 3
 7011 1 14 701 278 5 0 8583336 15021488 3
