Version 0.9.7
5
 4 34 36 77 128 0 1
 5 80 400 206 81 2 2
 0 16 197 877 276 8 3
 1 127 72 206 81 140 4
 3 347 98 203 58 150 5
 0
32
 65535 5 95 50 95 50 142 50 142 50 142 83 142 83 0 1 0 4
 65535 5 95 110 95 110 118 110 118 141 142 141 142 141 0 1 0 4
 65535 5 95 123 110 123 110 155 358 155 358 135 358 135 0 1 0 5
 65535 5 95 149 95 154 28 154 28 445 69 445 69 445 0 1 0 3
 65535 5 95 63 95 63 25 63 25 224 69 224 69 224 0 1 0 3
 65535 5 82 224 82 224 82 224 82 263 82 263 82 263 0 3 0 3
 65535 5 160 406 160 406 160 406 160 445 160 445 160 445 0 3 0 3
 65535 5 238 263 238 263 238 263 238 224 238 224 238 224 0 3 0 3
 65535 5 316 406 316 406 316 406 316 445 316 445 316 445 0 3 0 3
 65535 5 368 263 368 263 368 263 368 224 368 224 368 224 0 3 0 3
 65535 5 446 406 446 406 446 406 446 445 446 445 446 445 0 3 0 3
 65535 5 524 263 524 263 524 263 524 224 524 224 524 224 0 3 0 3
 65535 5 602 445 602 445 602 445 602 406 602 406 602 406 0 3 0 3
 65535 5 654 263 654 263 654 263 654 224 654 224 654 224 0 3 0 3
 65535 5 732 445 732 445 732 445 732 406 732 406 732 406 0 3 0 3
 33023 5 183 83 183 83 183 55 524 55 524 367 524 367 0 4 0 3
 33023 5 202 83 202 83 202 45 550 45 550 367 550 367 0 4 0 3
 33023 5 221 83 221 83 221 36 564 36 564 367 576 367 0 4 0 3
 33023 5 537 367 554 367 554 399 108 399 108 367 108 367 0 3 0 3
 33023 5 563 367 579 367 579 410 121 410 121 367 121 367 0 3 0 3
 33023 5 589 367 589 367 589 389 134 389 134 367 134 367 0 3 0 3
 33023 5 654 367 654 367 654 300 147 300 147 367 147 367 0 3 0 3
 16711680 5 202 96 202 96 168 96 168 374 277 374 277 367 0 4 0 3
 16711680 5 221 96 221 96 345 96 345 358 290 358 290 367 0 4 0 3
 16711680 5 303 367 303 367 303 450 667 450 667 367 667 367 0 3 0 3
 16711680 5 680 367 680 367 680 367 693 367 693 367 693 367 0 3 0 3
 32896 5 183 109 183 89 475 89 475 251 394 251 394 367 0 4 0 3
 32896 5 563 380 576 380 576 310 407 310 407 367 407 367 0 3 0 3
 32896 5 420 367 483 367 483 72 221 72 221 109 221 109 0 3 0 4
 32896 5 433 406 433 406 706 406 706 406 706 367 706 367 0 3 0 3
 32896 5 719 367 719 367 719 231 393 231 393 142 393 142 0 3 0 5
 16711680 5 537 380 537 380 264 380 264 380 264 367 264 367 0 3 0 3
5
 7011 1 14 76 315 5 0 8583336 16162768 3
 7011 1 14 232 315 5 0 8583336 16162768 3
 7011 1 14 362 315 5 0 8583336 16162768 3
 7004 1 14 518 315 5 0 8583336 16162768 3
 7032 1 14 648 315 5 0 8583336 16162768 3
