Version 0.9.7
5
 4 10 175 77 128 0 1
 5 80 400 206 81 2 2
 0 160 160 877 276 8 3
 3 336 83 203 58 272 5
 1 103 31 206 81 281 6
 0
29
 8421376 5 71 189 71 189 213 189 213 189 213 187 213 187 0 1 0 3
 8421376 5 71 288 71 288 71 408 71 408 213 408 213 408 0 1 0 3
 8454143 5 71 202 71 202 59 202 59 42 118 42 118 42 0 1 0 6
 8454143 5 71 249 71 249 86 249 86 100 118 100 118 100 0 1 0 6
 8454143 5 347 120 347 120 102 120 102 262 71 262 71 262 0 5 0 1
 8454143 5 239 265 239 265 239 265 239 187 239 187 239 187 0 3 0 3
 8454143 5 317 330 317 330 317 330 317 408 317 408 317 408 0 3 0 3
 8453888 5 655 187 655 187 672 187 672 265 655 265 655 265 0 3 0 3
 8453888 5 733 330 733 330 733 330 733 408 733 408 733 408 0 3 0 3
 8453888 5 197 42 197 27 782 27 782 345 655 345 655 330 0 6 0 3
 8453888 5 668 330 668 330 668 345 291 345 291 330 291 330 0 3 0 3
 8453888 5 278 330 278 336 593 336 593 14 178 14 178 42 0 3 0 6
 8453888 5 159 42 159 4 626 4 626 360 265 360 265 330 0 6 0 3
 65408 5 159 55 557 55 557 149 681 149 681 330 681 330 0 6 0 3
 65408 5 694 330 694 330 694 240 408 240 408 330 408 330 0 3 0 3
 65408 5 197 55 197 55 197 38 421 38 421 330 421 330 0 6 0 3
 65408 5 486 369 486 369 486 369 486 408 486 408 486 408 0 3 0 3
 65408 5 408 226 408 226 408 226 408 187 408 187 408 187 0 3 0 3
 16744448 5 159 68 159 68 159 20 707 20 707 330 707 330 0 6 0 3
 16744448 5 720 330 720 330 720 378 447 378 447 330 447 330 0 3 0 3
 16744448 5 720 265 720 265 720 68 720 68 178 68 178 68 0 3 0 6
 16744448 5 733 265 733 265 733 270 460 270 460 330 460 330 0 3 0 3
 16744448 5 863 226 863 226 863 226 863 187 863 187 863 187 0 3 0 3
 16744448 5 941 408 941 408 941 408 941 369 941 369 941 369 0 3 0 3
 8388863 5 304 330 304 330 304 454 863 454 863 330 863 330 0 3 0 3
 8388863 5 434 330 434 330 434 432 876 432 876 330 876 330 0 3 0 3
 8388863 5 889 330 889 330 889 330 887 335 902 335 902 330 0 3 0 3
 8388863 5 473 330 473 330 473 418 915 418 915 330 915 330 0 3 0 3
 8388863 5 928 330 928 330 928 138 382 138 382 127 382 127 0 3 0 5
4
 7011 1 14 233 278 5 0 8583336 15788816 3
 7004 1 14 649 278 5 0 8583336 15788816 3
 7008 1 14 402 278 5 0 8583336 15788816 3
 7032 1 14 857 278 5 0 8583336 15788816 3
