Version 0.9.7
5
 4 51 29 77 128 0 1
 5 80 400 206 81 2 2
 0 20 178 877 276 8 3
 1 147 51 206 81 272 5
 3 357 54 203 58 282 6
 0
25
 65408 5 112 142 112 142 10 142 10 426 73 426 73 426 0 1 0 3
 65408 5 112 82 112 85 47 85 47 205 73 205 73 205 0 1 0 3
 65408 5 112 43 112 43 162 43 162 43 162 62 162 62 0 1 0 5
 65408 5 162 120 162 120 162 126 112 126 112 129 112 129 0 5 0 1
 65408 5 112 116 112 116 112 137 368 137 368 91 368 91 0 1 0 6
 255 5 86 244 86 244 86 244 86 205 86 205 86 205 0 3 0 3
 255 5 164 426 164 426 164 426 164 387 164 387 164 387 0 3 0 3
 255 5 242 244 242 244 242 244 242 205 242 205 242 205 0 3 0 3
 255 5 320 387 320 387 320 387 320 426 320 426 320 426 0 3 0 3
 255 5 385 244 385 244 385 244 385 205 385 205 385 205 0 3 0 3
 255 5 463 387 463 387 463 387 463 426 463 426 463 426 0 3 0 3
 16744576 5 242 348 242 256 353 256 353 34 203 34 203 62 0 3 0 5
 16744576 5 241 62 241 62 241 8 294 8 294 348 294 348 0 5 0 3
 16744576 5 268 348 276 348 276 21 222 21 222 62 222 62 0 3 0 5
 16744576 5 255 270 255 219 329 219 329 62 260 62 260 62 0 3 0 5
 65408 5 255 348 255 348 255 361 385 361 385 348 385 348 0 3 0 3
 65408 5 268 283 268 283 268 268 398 268 398 348 398 348 0 3 0 3
 65408 5 580 387 580 387 580 387 580 426 580 426 580 426 0 3 0 3
 65408 5 502 244 502 244 502 244 502 205 502 205 502 205 0 3 0 3
 65408 5 411 348 411 348 411 361 502 361 502 348 502 348 0 3 0 3
 11579568 5 281 348 281 348 281 374 112 374 112 348 112 348 0 3 0 3
 11579568 5 307 348 307 348 307 396 125 396 125 348 125 348 0 3 0 3
 11579568 5 268 244 268 244 268 266 138 266 138 348 138 348 0 3 0 3
 11579568 5 151 348 151 348 151 412 515 412 515 348 515 348 0 3 0 3
 11579568 5 528 348 528 322 489 322 489 130 403 130 403 98 0 3 0 6
4
 7011 1 14 80 296 5 0 8583336 14993552 3
 7008 1 14 379 296 5 0 8583336 14993552 3
 7004 1 14 236 296 5 0 8583336 14993552 3
 7032 1 14 496 296 5 0 8583336 14993552 3
