Version 0.9.7
5
 4 10 175 77 128 0 1
 5 80 400 206 81 2 2
 3 338 86 203 58 8 3
 0 304 194 877 276 17 4
 1 93 277 206 81 149 5
 0
20
 16711680 5 357 442 357 442 357 532 71 532 71 288 71 288 0 4 0 1
 16711680 5 71 189 71 189 97 189 97 221 357 221 357 221 0 1 0 4
 16711680 5 1124 442 1124 442 1124 442 1124 455 1124 455 1124 455 0 4 0 4
 16711680 5 1124 221 1124 221 1124 221 1124 208 1124 208 1124 208 0 4 0 4
 16711680 5 357 208 357 208 108 208 108 208 108 288 108 288 0 4 0 5
 16711680 5 370 455 370 455 108 455 108 455 108 346 108 346 0 4 0 5
 16711680 5 370 221 370 221 370 221 331 221 331 260 331 260 0 4 0 4
 16711680 5 370 442 370 442 332 442 332 403 331 403 331 403 0 4 0 4
 8453888 5 349 123 349 123 301 123 301 351 331 351 331 351 0 3 0 4
 8454143 5 422 299 422 299 422 299 422 221 422 221 422 221 0 4 0 4
 8454143 5 500 364 500 364 500 364 500 442 500 442 500 442 0 4 0 4
 4227200 5 263 288 263 288 263 310 422 310 422 364 422 364 0 5 0 4
 8454143 5 643 221 643 221 643 221 643 299 643 299 643 299 0 4 0 4
 8454143 5 721 364 721 364 721 364 721 442 721 442 721 442 0 4 0 4
 32896 5 282 288 294 288 294 386 656 386 656 364 656 364 0 5 0 4
 32896 5 669 364 669 364 669 376 435 376 435 364 435 364 0 4 0 4
 32896 5 448 364 448 364 448 356 552 356 552 312 552 312 0 4 0 4
 32896 5 552 260 552 260 552 166 384 166 384 130 384 130 0 4 0 3
 32896 5 552 299 552 299 618 299 618 364 643 364 643 364 0 4 0 4
 32896 5 669 403 679 403 679 157 404 157 404 130 404 130 0 4 0 3
2
 7000 1 14 416 312 5 0 8583336 17558000 4
 7000 1 14 637 312 5 0 8583336 17558000 4
